2
1875036508
1
3
8308811
1
5
1637055890
2
7
347712316
3
11
302802234
5
13
713822678
8
17
975562524
13
19
3136193
21
23
658912965
34
29
1711447482
55
31
874024813
89
37
310131680
144
41
1729171377
233
43
726338807
377
47
569467025
610
53
1420470565
987
59
1959436113
1597
61
1059802984
2584
67
1903698012
4181
71
1271124602
6765
73
1965437911
10946
79
1331453232
17711
83
86926572
28657
89
405710579
46368
97
1741037398
75025
101
1519421016
103
700472642
107
236758242
109
1680605213
113
1310883445
127
1704371675
131
1408158074
137
1319192256
139
1193943917
149
1755870390
151
1621994490
157
1907766595
163
583949267
167
1625130683
173
419195912
179
147913101
181
351671849
191
729327592
193
1877084478
197
1078010656
199
1298794618
211
1150071396
223
889963121
227
211113954
229
906285760
233
13604075
239
29068218
241
90255344
251
100530648
257
434778797
263
1831292743
269
1619951664
271
1135251440
277
2068050985
281
1153073229
283
298651237
293
1624939012
307
413747655
311
1617843493
313
671399282
317
22134398
331
1092354336
337
431682229
347
606083665
349
570001371
353
850878142
359
753996766
367
921673220
373
1580205734
379
483597597
383
1999683876
389
731516704
397
1633668993
401
742163349
409
942630659
419
392471105
421
755767425
431
971698877
433
482726449
439
856298073
443
1406477674
449
166535544
457
328766089
461
394245466
463
87102882
467
1481839318
479
692896703
487
1712041894
491
1895586974
499
163256549
503
235957528
509
1917721372
521
1255610885
523
667639758
541
376321389
547
1825612256
557
1518517900
563
1130318155
569
599801829
571
951239986
577
1613915752
587
452002057
593
1682756691
599
1100101097
601
1194165407
607
477903702
613
1492572202
617
1949932832
619
1449602579
631
1975298652
641
658747257
643
708596605
647
2141834196
653
987513346
659
1102842072
661
81453430
673
321869016
677
1795738775
683
1793495325
691
69972342
701
1958995324
709
2029452853
719
1987693714
727
1067122561
733
549608963
739
216531455
743
745251170
751
2068126863
757
1346849611
761
1345052999
769
871883202
773
813281715
787
1797055056
797
407156245
809
1913382813
811
843736815
821
885059947
823
1258471367
827
646185999
829
187178878
839
1086286371
853
1304933256
857
895775483
859
1080636920
863
144962954
877
1998617555
881
1162090350
883
466831971
887
1646872683
907
808102027
911
536804313
919
1458384359
929
690071233
937
377014380
941
378023273
947
1239680196
953
593545835
967
1123274443
971
1160323412
977
1940395446
983
320843794
991
2032206614
997
606193514
1009
2117898850
1013
291879211
1019
372092679
1021
814152018
1031
1176939158
1033
1630564046
1039
1460338017
1049
1364118036
1051
569366770
1061
617787626
1063
112409871
1069
1650003690
1087
762750580
1091
2111027427
1093
664610392
1097
1229582551
1103
1610416462
1109
1472712420
1117
1766386865
1123
921317173
1129
15300005
1151
2143401245
1153
1299340446
1163
1254980201
1171
589463432
1181
275131241
1187
267819965
1193
382375231
1201
595975035
1213
152542931
1217
988568745
1223
566390238
1229
444422142
1231
1360661424
1237
1380542256
1249
1621361300
1259
843741822
1277
693396625
1279
837995688
1283
1413108592
1289
1311184251
1291
950405560
1297
915628634
1301
2073934832
1303
913949339
1307
1580239027
1319
1156033735
1321
376882153
1327
905467799
1361
774936952
1367
1298199326
1373
920767804
1381
770854549
1399
450056125
1409
28264357
1423
1360317982
1427
725187366
1429
296084323
1433
1742693213
1439
1321162402
1447
448627254
1451
583778310
1453
1887552640
1459
893049397
1471
1944439734
1481
1120611248
1483
366927049
1487
640697908
1489
1814007873
1493
1204922738
1499
2053806501
1511
977708477
1523
7844650
1531
821951487
1543
904159661
1549
921793989
1553
254706866
1559
2060193396
1567
1298676142
1571
1160174665
1579
687646701
1583
449391820
1597
2080942469
1601
1458501250
1607
899447945
1609
2109206827
1613
671335584
1619
1624635312
1621
257807502
1627
266545149
1637
798314066
1657
706434756
1663
850323459
1667
538383058
1669
1599484153
1693
647279545
1697
1658994306
1699
1966411203
1709
1287977454
1721
1325518531
1723
1023850293
1733
1194300307
1741
155743360
1747
1031694943
1753
2016251794
1759
1059903021
1777
1953488932
1783
123475013
1787
972612770
1789
1104681426
1801
1283649678
1811
1660259471
1823
1554073246
1831
1217108500
1847
971277073
1861
306037544
1867
1178831679
1871
1642612658
1873
1930672856
1877
1436639181
1879
1909157807
1889
581503274
1901
2143073937
1907
611997619
1913
1119886332
1931
1595074443
1933
1259277164
1949
631396990
1951
1414001998
1973
399770970
1979
1956915521
1987
290368643
1993
1594071277
1997
2112658882
1999
1322063586
2003
1462839424
2011
1025078255
2017
1128068870
2027
1586314437
2029
1997691025
2039
85266648
2053
722480467
2063
1510466848
2069
1639339894
2081
1939588967
2083
334260274
2087
1945377438
2089
970936998
2099
1976872932
2111
1728566646
2113
260092531
2129
1738547091
2131
162586272
2137
255682821
2141
203061062
2143
1282472604
2153
1850757264
2161
1462338227
2179
1913869594
2203
1117275614
2207
1862109197
2213
1723301468
2221
1407644257
2237
1308696827
2239
1688476702
2243
582224195
2251
624052603
2267
566071309
2269
1710293065
2273
62883392
2281
416278687
2287
1795559713
2293
785363859
2297
1926745535
2309
1287415959
2311
577469179
2333
113522161
2339
1085309750
2341
1548406177
2347
2090395093
2351
666392748
2357
1808498709
2371
1681458537
2377
828979021
2381
2064181530
2383
1884519599
2389
2111451625
2393
1767455146
2399
1199374178
2411
1877837572
2417
737247112
2423
913999728
2437
1453655392
2441
2144891369
2447
75212907
2459
994648446
2467
579631916
2473
699265510
2477
1560719755
2503
142441333
2521
762148902
2531
1976998442
2539
1938001046
2543
1547512761
2549
1756260330
2551
1077933357
2557
2124981940
2579
1869782491
2591
15759459
2593
1525904470
2609
1812693937
2617
682152208
2621
1186919531
2633
1346668826
2647
1511131229
2657
1103617413
2659
1083704777
2663
1475099206
2671
723588911
2677
135595308
2683
1205453130
2687
1460836023
2689
1049595036
2693
511624874
2699
1458243744
2707
1124807943
2711
1506273320
2713
2037875660
2719
1824073453
2729
919509428
2731
32833345
2741
438738707
2749
749024222
2753
1970834391
2767
1986251468
2777
357800904
2789
901284100
2791
1963749761
2797
80099748
2801
917043560
2803
1342170583
2819
1892793685
2833
1599195768
2837
381606466
2843
1091978863
2851
962843349
2857
1485223879
2861
28199992
2879
290458907
2887
61329142
2897
163795300
2903
1495912038
2909
1522165165
2917
1213390336
2927
2007536912
2939
832925261
2953
190714631
2957
1366326585
2963
723317273
2969
2014788084
2971
138352365
2999
756150618
3001
306043143
3011
887376587
3019
579501361
3023
144810964
3037
1245177492
3041
1480785461
3049
2108560725
3061
1325277240
3067
250345373
3079
1303247660
3083
1070587277
3089
1849541141
3109
1684854126
3119
15082492
3121
664900842
3137
1022594357
3163
43282484
3167
955359750
3169
1083923499
3181
207077785
3187
303788140
3191
458605016
3203
1420468121
3209
163841404
3217
1291530277
3221
1611182753
3229
1530167989
3251
2014847550
3253
1478487189
3257
1668520354
3259
623514520
3271
1784530333
3299
408413294
3301
1203015881
3307
1929341297
3313
1653590786
3319
536317694
3323
1890418374
3329
831384378
3331
786663068
3343
1046182386
3347
1901971655
3359
488720561
3361
583552864
3371
1917054147
3373
1153621404
3389
1606147221
3391
1960336631
3407
2108981154
3413
542587072
3433
19930768
3449
265285646
3457
1001192088
3461
1440398890
3463
429127050
3467
145238717
3469
904097995
3491