2
1722165785
1
3
790969210
1
5
1743602431
2
7
1575570025
3
11
1785565675
5
13
995494612
8
17
503868480
13
19
2094799281
21
23
1493978667
34
29
1186163533
55
31
797294437
89
37
157492344
144
41
1778506972
233
43
2001690997
377
47
1565545651
610
53
1969674379
987
59
502238115
1597
61
1474276645
2584
67
124840360
4181
71
38494994
6765
73
1831700111
10946
79
153752652
17711
83
363319860
28657
89
1919432221
46368
97
2015163562
75025
101
1824656041
103
1211718656
107
1382688070
109
174365468
113
1111043552
127
1663697101
131
1896531253
137
1902012762
139
1259815885
149
1324617630
151
1540094789
157
107826849
163
1828486111
167
1487410423
173
1601805517
179
867165996
181
137221212
191
1759297861
193
498189320
197
2138912209
199
1177359864
211
320380052
223
493666677
227
504152862
229
445220412
233
532161671
239
188369325
241
598973064
251
895481531
257
2107801546
263
466652978
269
572653924
271
1172036555
277
1849341048
281
747019392
283
135596459
293
1365554502
307
496066997
311
2037609222
313
477886739
317
1820684628
331
1430220363
337
585713588
347
1501687091
349
770147138
353
40035457
359
221369439
367
907368350
373
1799333318
379
719558759
383
898796912
389
829209535
397
1039938811
401
1392463589
409
1333362397
419
1485159223
421
1924625260
431
1521731722
433
2084132287
439
672623143
443
1482049621
449
403301618
457
1245277067
461
506602528
463
105159018
467
1992296459
479
642198987
487
1470713520
491
340879808
499
532324561
503
1948600259
509
14080788
521
1962544925
523
386830200
541
1515767879
547
585208415
557
426865657
563
1737137318
569
1492576766
571
78715328
577
309212430
587
243890030
593
907924863
599
1349151241
601
1636353619
607
93803612
613
686826817
617
1413495231
619
1615535334
631
623475456
641
2086118374
643
950101307
647
1026777074
653
1183911793
659
1456703835
661
1131936093
673
1028724604
677
2098902823
683
455165965
691
1369604412
701
483743736
709
256282577
719
1383685201
727
298805013
733
643112777
739
751969432
743
884013429
751
1069978434
757
341623103
761
229106547
769
1148693762
773
650835533
787
472996577
797
2056618625
809
1999986774
811
2109350196
821
2938589
823
539329943
827
1375361779
829
1618473924
839
1162805400
853
1313996505
857
421091583
859
42098826
863
350424650
877
1877795419
881
1174034919
883
1379149254
887
1829214594
907
1629200885
911
601270018
919
165474682
929
1885483462
937
1984955219
941
464279696
947
381112591
953
589441004
967
1348293125
971
1451091025
977
931064107
983
1577399672
991
452301140
997
1581899640
1009
2050396249
1013
361436117
1019
1434402766
1021
2012262797
1031
364374707
1033
1973732710
1039
1240140928
1049
1982848631
1051
989054462
1061
406653785
1063
256456566
1069
1031153288
1087
757078435
1091
2134251985
1093
57704560
1097
2136227689
1103
1815982931
1109
1686905445
1117
590014059
1123
1981457614
1129
1424905259
1151
427485631
1153
298253662
1163
1806017850
1171
1016926635
1181
1646546787
1187
1109625227
1193
1947990742
1201
1076462811
1213
1561926367
1217
1382406734
1223
979375412
1229
1923362485
1231
669325852
1237
844154561
1249
140253544
1259
495574914
1277
2084295489
1279
2123102175
1283
1484629376
1289
343465626
1291
232075093
1297
368299017
1301
1100544061
1303
218843431
1307
426003577
1319
1089288102
1321
2034826362
1327
2112909022
1361
1679302161
1367
1868800328
1373
1390330633
1381
2106787792
1399
19570342
1409
1048864835
1423
976230779
1427
1666117129
1429
11006414
1433
776737873
1439
595096292
1447
1572932782
1451
11660959
1453
1574471704
1459
1348811619
1471
680986812
1481
271142617
1483
1489065163
1487
1176561726
1489
207954458
1493
1464683690
1499
513707455
1511
551420084
1523
1696758783
1531
882006472
1543
1651964145
1549
1915602214
1553
1308010049
1559
593768599
1567
1802944929
1571
1273435423
1579
125587113
1583
1524261609
1597
516282408
1601
84891257
1607
1543831952
1609
1565147243
1613
1061122037
1619
1062465433
1621
1576153657
1627
1837859910
1637
1657561726
1657
1001602791
1663
1849520870
1667
1084549782
1669
202930762
1693
383024034
1697
1355692400
1699
1691995925
1709
1559585760
1721
1563646858
1723
1009195967
1733
2073293215
1741
2115066943
1747
558471103
1753
807816039
1759
1619547440
1777
326589669
1783
2115826088
1787
65832392
1789
2129534598
1801
1241777863
1811
191419505
1823
1506312560
1831
1758060271
1847
276310762
1861
902660864
1867
1175723866
1871
1337432799
1873
1965126297
1877
604393876
1879
1027809062
1889
1475204375
1901
1605996667
1907
729846284
1913
412270510
1931
1808927430
1933
1112870318
1949
1767962910
1951
1353439707
1973
524972430
1979
1184126120
1987
215152027
1993
450781998
1997
1151709415
1999
773623130
2003
1258598037
2011
623773208
2017
1100212799
2027
1226940478
2029
689605600
2039
1082263750
2053
321234693
2063
881025105
2069
441092662
2081
2079294965
2083
1157335867
2087
1343753526
2089
1107535183
2099
347285019
2111
1161396175
2113
1711929059
2129
1375094081
2131
489116903
2137
1170442079
2141
2104940365
2143
901387413
2153
831885861
2161
1070327035
2179
521866675
2203
37841920
2207
1595299465
2213
1705992795
2221
252993947
2237
2046081463
2239
710218563
2243
1026617077
2251
1157195853
2267
1333991771
2269
2126829877
2273
236652683
2281
2023597371
2287
1061609979
2293
557887376
2297
757138828
2309
1502702641
2311
489698693
2333
1914474695
2339
698972519
2341
1597233877
2347
114276066
2351
1860368694
2357
1161679288
2371
1489370147
2377
202001949
2381
184637719
2383
1446826864
2389
1103389362
2393
1016523580
2399
369670251
2411
1625256037
2417
1054365501
2423
1964969717
2437
1183765185
2441
1307359448
2447
1863567532
2459
1893983748
2467
186492878
2473
873279737
2477
1080491871
2503
165839107
2521
1109932420
2531
956605594
2539
1227449086
2543
1667819797
2549
1713744422
2551
582668079
2557
10034842
2579
1480735469
2591
1281640598
2593
1607268719
2609
1595011536
2617
994525644
2621
621464360
2633
936898035
2647
1196527594
2657
806102079
2659
236241252
2663
152433308
2671
1822625660
2677
605911503
2683
1777689346
2687
729507513
2689
423397572
2693
813970883
2699
2036866961
2707
139481457
2711
560470983
2713
75876191
2719
1012761194
2729
1640962854
2731
241715298
2741
2122693615
2749
450084800
2753
1469164384
2767
1643029764
2777
16345574
2789
2051832463
2791
1653064606
2797
1497081043
2801
1185989413
2803
1112849678
2819
944608931
2833
33031410
2837
1734314038
2843
1881506967
2851
1229559004
2857
392932469
2861
2117748219
2879
1381992312
2887
68074481
2897
576176074
2903
1012198010
2909
797581994
2917
999573647
2927
1826168893
2939
686965308
2953
1139055104
2957
239156228
2963
762841499
2969
4332650
2971
1880119082
2999
1004556798
3001
2127026265
3011
182720234
3019
326237534
3023
1622572381
3037
199065808
3041
230586350
3049
1128153340
3061
1696146852
3067
1416575763
3079
93519370
3083
493272135
3089
1449607173
3109
1827833408
3119
227295454
3121
531682529
3137
73282229
3163
197560025
3167
1913674842
3169
141356711
3181
773736100
3187
778389204
3191
938938705
3203
1773309747
3209
457074450
3217
1625904013
3221
764881203
3229
696230678
3251
241261865
3253
769213853
3257
428866113
3259
1245818663
3271
748756471
3299
611586347
3301
1572056197
3307
223845204
3313
810652156
3319
1802642547
3323
1351998544
3329
359315360
3331
1071734663
3343
1445517914
3347
852587495
3359
373858188
3361
1125867674
3371
1079882950
3373
905540718
3389
1199149904
3391
1277442975
3407
671731912
3413
1340506615
3433
2051179075
3449
1450121116
3457
131961672
3461
1677005174
3463
1907195566
3467
1757865686
3469
294402729
3491
